v3.0 hex words addressed
00: 80 c0 a0 c0 a0 c0 a0 80 80 80 90 90 90 90 90 90
10: 90 90 90 90 90 90 90 90 90 90 90 90 90 90 90 90
20: 90 90 88 88 88 88 88 88 88 88 88 88 88 88 88 88
30: 88 88 88 88 88 88 88 88 88 88 80 80 80 80 80 80
40: 80 80 80 80 80 80 80 80 80 80 80 80 80 80 80 80
50: 80 80 80 80 80 80 80 80 80 80 80 80 80 80 80 80
60: 80 80 80 80 80 80 80 80 80 80 80 80 80 80 80 80
70: 80 80 80 80 80 80 80 80 80 80 80 80 80 80 80 80
80: 80 80 80 80 80 80 80 80 80 80 80 80 80 80 80 80
90: 80 80 80 80 80 80 80 80 80 80 80 80 80 80 80 80
a0: 80 80 80 80 80 80 80 80 80 80 80 80 80 80 00 80
b0: 00 00 80 00 80 00 00 80 00 80 00 00 80 80 80 80
c0: 80 80 80 80 80 80 80 80 80 80 80 80 80 80 90 90
d0: 90 90 90 90 90 90 88 88 88 88 88 88 88 88 90 90
e0: 90 90 90 90 90 90 88 88 88 88 88 88 88 88 90 90
f0: 90 90 90 90 90 90 88 88 88 88 88 88 88 88 84 82
