v3.0 hex words addressed
00: 00 00 00 00 00 40 20 00 00 00 00 80 00 80 40 a0
10: 00 80 00 80 40 a0 00 80 00 80 40 a0 00 80 00 80
20: 40 a0 00 80 00 80 08 84 00 80 00 80 08 84 00 80
30: 00 80 08 84 00 80 00 80 08 84 00 0c 00 0c 00 00
40: 0c 00 00 0c 60 60 6c 00 08 00 08 40 40 48 00 04
50: 00 04 20 20 24 00 00 00 0c 00 00 0c 60 60 6c 00
60: 08 00 08 40 40 48 00 04 00 04 20 20 24 60 60 6c
70: 00 08 00 08 40 40 48 00 04 00 04 20 20 24 00 20
80: 20 00 20 20 40 40 40 40 00 20 20 00 20 20 40 40
90: 40 40 00 20 20 00 20 20 40 40 40 40 08 04 0c 0c
a0: 0c 0c 08 04 0c 0c 0c 0c 08 04 0c 0c 0c 0c 01 01
b0: 00 02 03 01 01 00 02 03 01 01 00 02 03 10 10 10
c0: 10 10 10 10 10 10 10 10 10 10 10 10 10 10 10 10
d0: 50 b0 10 10 50 b0 10 10 18 94 10 10 18 94 10 10
e0: 50 b0 10 10 50 b0 10 10 18 94 10 10 18 94 90 90
f0: 50 b0 90 90 50 b0 90 90 18 94 90 90 18 94 00 00
