v3.0 hex words addressed
00: 00 00 00 20 08 00 00 00 00 00 03 02 23 0a 03 02
10: 43 42 63 4a 43 42 03 02 23 0a 03 02 43 42 63 4a
20: 43 42 01 00 11 04 01 00 41 40 51 44 41 40 01 00
30: 11 04 01 00 41 40 51 44 41 40 14 00 28 28 00 14
40: 00 80 94 80 00 14 00 10 00 20 20 00 10 00 04 00
50: 08 08 00 04 00 80 14 94 00 28 00 28 00 14 00 80
60: 94 80 00 14 00 10 00 20 20 00 10 00 04 00 08 08
70: 00 04 00 00 14 00 10 00 20 20 00 10 00 04 00 08
80: 08 00 04 00 18 10 14 24 20 24 04 14 08 18 18 10
90: 14 24 20 24 04 14 08 18 18 10 14 24 20 24 04 14
a0: 08 18 20 08 08 20 20 08 08 20 20 08 08 20 00 00
b0: 00 00 00 00 00 00 00 00 00 00 00 00 00 00 00 00
c0: 00 00 00 00 00 00 00 00 00 00 00 00 00 00 00 00
d0: 03 23 03 02 43 63 43 42 01 11 01 00 41 51 41 40
e0: 03 23 03 02 43 63 43 42 01 11 01 00 41 51 41 40
f0: 02 0a 03 02 42 4a 43 42 00 04 01 00 40 44 41 40
