v3.0 hex words addressed
00: 00 80 20 00 00 00 00 08 01 09 82 22 02 02 02 02
10: 80 20 00 00 00 00 83 23 03 03 03 03 88 28 08 08
20: 08 08 42 12 02 02 02 02 40 10 00 00 00 00 43 13
30: 03 03 03 03 48 18 08 08 08 08 a0 a0 50 00 54 04
40: 04 50 00 00 50 00 00 80 80 40 00 40 00 00 20 20
50: 10 00 10 00 00 54 05 08 a8 08 a1 01 55 05 05 58
60: 08 08 58 08 08 88 88 48 08 48 08 08 28 28 18 08
70: 18 08 08 51 01 01 81 81 41 01 41 01 01 21 21 11
80: 01 11 01 01 90 90 80 60 50 40 60 20 50 10 98 98
90: 88 68 58 48 68 28 58 18 91 91 81 61 51 41 61 21
a0: 51 11 80 20 80 20 88 28 88 28 81 21 81 21 00 00
b0: 00 00 00 08 08 08 08 08 01 01 01 01 01 00 00 00
c0: 00 00 00 00 00 00 00 00 00 00 00 00 00 00 00 00
d0: 83 03 03 03 88 08 08 08 43 03 03 03 48 08 08 08
e0: 83 03 03 03 88 08 08 08 43 03 03 03 48 08 08 08
f0: 23 03 03 03 28 08 08 08 13 03 03 03 18 08 08 08
